&CONTROL
  calculation = 'nscf'
  title = 'GdN_M_nscf'
  verbosity = 'high'
  restart_mode = 'from_scratch'
  etot_conv_thr =   8.0000000000d-05
  forc_conv_thr =   1.0000000000d-04
  outdir = '/nfs/scratch2/trewicedwa/GdN_M/out/'
  prefix = 'GdN_M'
  pseudo_dir = '/nfs/home/trewicedwa/orbitalMagnetism/pseudo/'
  disk_io = 'low'
  tprnfor = .true.
  tstress = .true.
/
&SYSTEM
  degauss =   1.4699723600d-02
  ecutrho =   320
  ecutwfc =   80
  ibrav = 0
  nat = 2
  nosym = .true.
  nspin = 2
  ntyp = 2
  nbnd = 25 ! num Kohn-Sham states
  occupations = 'smearing'
  starting_magnetization(1) =   1.0
  starting_magnetization(2) =   0.0
  lda_plus_u=.true.
  lda_plus_u_kind=0
  Hubbard_U(1) = 8.4
  Hubbard_U_back(1) = 6.6
/
&ELECTRONS
  conv_thr =   1.6000000000d-09
  electron_maxstep = 80
  mixing_beta =   4.0000000000d-01
/
&IONS
/
&CELL
/
CELL_PARAMETERS angstrom
2.5874537 2.5874537 0.0000000
0.0000000 2.5874537 2.5874537
2.5874537 0.0000000 2.5874537
ATOMIC_SPECIES
Gd     157.25 Gd.GGA-PBE-paw-v1.0.UPF
N      14.0067 N.pbe-kjpaw.UPF
ATOMIC_POSITIONS (crystal)
Gd           0.0000000000       0.0000000000       0.0000000000
N            0.5000000000       0.5000000000       0.5000000000
K_POINTS crystal
512
  0.00000000  0.00000000  0.00000000  1.953125e-03
  0.00000000  0.00000000  0.12500000  1.953125e-03
  0.00000000  0.00000000  0.25000000  1.953125e-03
  0.00000000  0.00000000  0.37500000  1.953125e-03
  0.00000000  0.00000000  0.50000000  1.953125e-03
  0.00000000  0.00000000  0.62500000  1.953125e-03
  0.00000000  0.00000000  0.75000000  1.953125e-03
  0.00000000  0.00000000  0.87500000  1.953125e-03
  0.00000000  0.12500000  0.00000000  1.953125e-03
  0.00000000  0.12500000  0.12500000  1.953125e-03
  0.00000000  0.12500000  0.25000000  1.953125e-03
  0.00000000  0.12500000  0.37500000  1.953125e-03
  0.00000000  0.12500000  0.50000000  1.953125e-03
  0.00000000  0.12500000  0.62500000  1.953125e-03
  0.00000000  0.12500000  0.75000000  1.953125e-03
  0.00000000  0.12500000  0.87500000  1.953125e-03
  0.00000000  0.25000000  0.00000000  1.953125e-03
  0.00000000  0.25000000  0.12500000  1.953125e-03
  0.00000000  0.25000000  0.25000000  1.953125e-03
  0.00000000  0.25000000  0.37500000  1.953125e-03
  0.00000000  0.25000000  0.50000000  1.953125e-03
  0.00000000  0.25000000  0.62500000  1.953125e-03
  0.00000000  0.25000000  0.75000000  1.953125e-03
  0.00000000  0.25000000  0.87500000  1.953125e-03
  0.00000000  0.37500000  0.00000000  1.953125e-03
  0.00000000  0.37500000  0.12500000  1.953125e-03
  0.00000000  0.37500000  0.25000000  1.953125e-03
  0.00000000  0.37500000  0.37500000  1.953125e-03
  0.00000000  0.37500000  0.50000000  1.953125e-03
  0.00000000  0.37500000  0.62500000  1.953125e-03
  0.00000000  0.37500000  0.75000000  1.953125e-03
  0.00000000  0.37500000  0.87500000  1.953125e-03
  0.00000000  0.50000000  0.00000000  1.953125e-03
  0.00000000  0.50000000  0.12500000  1.953125e-03
  0.00000000  0.50000000  0.25000000  1.953125e-03
  0.00000000  0.50000000  0.37500000  1.953125e-03
  0.00000000  0.50000000  0.50000000  1.953125e-03
  0.00000000  0.50000000  0.62500000  1.953125e-03
  0.00000000  0.50000000  0.75000000  1.953125e-03
  0.00000000  0.50000000  0.87500000  1.953125e-03
  0.00000000  0.62500000  0.00000000  1.953125e-03
  0.00000000  0.62500000  0.12500000  1.953125e-03
  0.00000000  0.62500000  0.25000000  1.953125e-03
  0.00000000  0.62500000  0.37500000  1.953125e-03
  0.00000000  0.62500000  0.50000000  1.953125e-03
  0.00000000  0.62500000  0.62500000  1.953125e-03
  0.00000000  0.62500000  0.75000000  1.953125e-03
  0.00000000  0.62500000  0.87500000  1.953125e-03
  0.00000000  0.75000000  0.00000000  1.953125e-03
  0.00000000  0.75000000  0.12500000  1.953125e-03
  0.00000000  0.75000000  0.25000000  1.953125e-03
  0.00000000  0.75000000  0.37500000  1.953125e-03
  0.00000000  0.75000000  0.50000000  1.953125e-03
  0.00000000  0.75000000  0.62500000  1.953125e-03
  0.00000000  0.75000000  0.75000000  1.953125e-03
  0.00000000  0.75000000  0.87500000  1.953125e-03
  0.00000000  0.87500000  0.00000000  1.953125e-03
  0.00000000  0.87500000  0.12500000  1.953125e-03
  0.00000000  0.87500000  0.25000000  1.953125e-03
  0.00000000  0.87500000  0.37500000  1.953125e-03
  0.00000000  0.87500000  0.50000000  1.953125e-03
  0.00000000  0.87500000  0.62500000  1.953125e-03
  0.00000000  0.87500000  0.75000000  1.953125e-03
  0.00000000  0.87500000  0.87500000  1.953125e-03
  0.12500000  0.00000000  0.00000000  1.953125e-03
  0.12500000  0.00000000  0.12500000  1.953125e-03
  0.12500000  0.00000000  0.25000000  1.953125e-03
  0.12500000  0.00000000  0.37500000  1.953125e-03
  0.12500000  0.00000000  0.50000000  1.953125e-03
  0.12500000  0.00000000  0.62500000  1.953125e-03
  0.12500000  0.00000000  0.75000000  1.953125e-03
  0.12500000  0.00000000  0.87500000  1.953125e-03
  0.12500000  0.12500000  0.00000000  1.953125e-03
  0.12500000  0.12500000  0.12500000  1.953125e-03
  0.12500000  0.12500000  0.25000000  1.953125e-03
  0.12500000  0.12500000  0.37500000  1.953125e-03
  0.12500000  0.12500000  0.50000000  1.953125e-03
  0.12500000  0.12500000  0.62500000  1.953125e-03
  0.12500000  0.12500000  0.75000000  1.953125e-03
  0.12500000  0.12500000  0.87500000  1.953125e-03
  0.12500000  0.25000000  0.00000000  1.953125e-03
  0.12500000  0.25000000  0.12500000  1.953125e-03
  0.12500000  0.25000000  0.25000000  1.953125e-03
  0.12500000  0.25000000  0.37500000  1.953125e-03
  0.12500000  0.25000000  0.50000000  1.953125e-03
  0.12500000  0.25000000  0.62500000  1.953125e-03
  0.12500000  0.25000000  0.75000000  1.953125e-03
  0.12500000  0.25000000  0.87500000  1.953125e-03
  0.12500000  0.37500000  0.00000000  1.953125e-03
  0.12500000  0.37500000  0.12500000  1.953125e-03
  0.12500000  0.37500000  0.25000000  1.953125e-03
  0.12500000  0.37500000  0.37500000  1.953125e-03
  0.12500000  0.37500000  0.50000000  1.953125e-03
  0.12500000  0.37500000  0.62500000  1.953125e-03
  0.12500000  0.37500000  0.75000000  1.953125e-03
  0.12500000  0.37500000  0.87500000  1.953125e-03
  0.12500000  0.50000000  0.00000000  1.953125e-03
  0.12500000  0.50000000  0.12500000  1.953125e-03
  0.12500000  0.50000000  0.25000000  1.953125e-03
  0.12500000  0.50000000  0.37500000  1.953125e-03
  0.12500000  0.50000000  0.50000000  1.953125e-03
  0.12500000  0.50000000  0.62500000  1.953125e-03
  0.12500000  0.50000000  0.75000000  1.953125e-03
  0.12500000  0.50000000  0.87500000  1.953125e-03
  0.12500000  0.62500000  0.00000000  1.953125e-03
  0.12500000  0.62500000  0.12500000  1.953125e-03
  0.12500000  0.62500000  0.25000000  1.953125e-03
  0.12500000  0.62500000  0.37500000  1.953125e-03
  0.12500000  0.62500000  0.50000000  1.953125e-03
  0.12500000  0.62500000  0.62500000  1.953125e-03
  0.12500000  0.62500000  0.75000000  1.953125e-03
  0.12500000  0.62500000  0.87500000  1.953125e-03
  0.12500000  0.75000000  0.00000000  1.953125e-03
  0.12500000  0.75000000  0.12500000  1.953125e-03
  0.12500000  0.75000000  0.25000000  1.953125e-03
  0.12500000  0.75000000  0.37500000  1.953125e-03
  0.12500000  0.75000000  0.50000000  1.953125e-03
  0.12500000  0.75000000  0.62500000  1.953125e-03
  0.12500000  0.75000000  0.75000000  1.953125e-03
  0.12500000  0.75000000  0.87500000  1.953125e-03
  0.12500000  0.87500000  0.00000000  1.953125e-03
  0.12500000  0.87500000  0.12500000  1.953125e-03
  0.12500000  0.87500000  0.25000000  1.953125e-03
  0.12500000  0.87500000  0.37500000  1.953125e-03
  0.12500000  0.87500000  0.50000000  1.953125e-03
  0.12500000  0.87500000  0.62500000  1.953125e-03
  0.12500000  0.87500000  0.75000000  1.953125e-03
  0.12500000  0.87500000  0.87500000  1.953125e-03
  0.25000000  0.00000000  0.00000000  1.953125e-03
  0.25000000  0.00000000  0.12500000  1.953125e-03
  0.25000000  0.00000000  0.25000000  1.953125e-03
  0.25000000  0.00000000  0.37500000  1.953125e-03
  0.25000000  0.00000000  0.50000000  1.953125e-03
  0.25000000  0.00000000  0.62500000  1.953125e-03
  0.25000000  0.00000000  0.75000000  1.953125e-03
  0.25000000  0.00000000  0.87500000  1.953125e-03
  0.25000000  0.12500000  0.00000000  1.953125e-03
  0.25000000  0.12500000  0.12500000  1.953125e-03
  0.25000000  0.12500000  0.25000000  1.953125e-03
  0.25000000  0.12500000  0.37500000  1.953125e-03
  0.25000000  0.12500000  0.50000000  1.953125e-03
  0.25000000  0.12500000  0.62500000  1.953125e-03
  0.25000000  0.12500000  0.75000000  1.953125e-03
  0.25000000  0.12500000  0.87500000  1.953125e-03
  0.25000000  0.25000000  0.00000000  1.953125e-03
  0.25000000  0.25000000  0.12500000  1.953125e-03
  0.25000000  0.25000000  0.25000000  1.953125e-03
  0.25000000  0.25000000  0.37500000  1.953125e-03
  0.25000000  0.25000000  0.50000000  1.953125e-03
  0.25000000  0.25000000  0.62500000  1.953125e-03
  0.25000000  0.25000000  0.75000000  1.953125e-03
  0.25000000  0.25000000  0.87500000  1.953125e-03
  0.25000000  0.37500000  0.00000000  1.953125e-03
  0.25000000  0.37500000  0.12500000  1.953125e-03
  0.25000000  0.37500000  0.25000000  1.953125e-03
  0.25000000  0.37500000  0.37500000  1.953125e-03
  0.25000000  0.37500000  0.50000000  1.953125e-03
  0.25000000  0.37500000  0.62500000  1.953125e-03
  0.25000000  0.37500000  0.75000000  1.953125e-03
  0.25000000  0.37500000  0.87500000  1.953125e-03
  0.25000000  0.50000000  0.00000000  1.953125e-03
  0.25000000  0.50000000  0.12500000  1.953125e-03
  0.25000000  0.50000000  0.25000000  1.953125e-03
  0.25000000  0.50000000  0.37500000  1.953125e-03
  0.25000000  0.50000000  0.50000000  1.953125e-03
  0.25000000  0.50000000  0.62500000  1.953125e-03
  0.25000000  0.50000000  0.75000000  1.953125e-03
  0.25000000  0.50000000  0.87500000  1.953125e-03
  0.25000000  0.62500000  0.00000000  1.953125e-03
  0.25000000  0.62500000  0.12500000  1.953125e-03
  0.25000000  0.62500000  0.25000000  1.953125e-03
  0.25000000  0.62500000  0.37500000  1.953125e-03
  0.25000000  0.62500000  0.50000000  1.953125e-03
  0.25000000  0.62500000  0.62500000  1.953125e-03
  0.25000000  0.62500000  0.75000000  1.953125e-03
  0.25000000  0.62500000  0.87500000  1.953125e-03
  0.25000000  0.75000000  0.00000000  1.953125e-03
  0.25000000  0.75000000  0.12500000  1.953125e-03
  0.25000000  0.75000000  0.25000000  1.953125e-03
  0.25000000  0.75000000  0.37500000  1.953125e-03
  0.25000000  0.75000000  0.50000000  1.953125e-03
  0.25000000  0.75000000  0.62500000  1.953125e-03
  0.25000000  0.75000000  0.75000000  1.953125e-03
  0.25000000  0.75000000  0.87500000  1.953125e-03
  0.25000000  0.87500000  0.00000000  1.953125e-03
  0.25000000  0.87500000  0.12500000  1.953125e-03
  0.25000000  0.87500000  0.25000000  1.953125e-03
  0.25000000  0.87500000  0.37500000  1.953125e-03
  0.25000000  0.87500000  0.50000000  1.953125e-03
  0.25000000  0.87500000  0.62500000  1.953125e-03
  0.25000000  0.87500000  0.75000000  1.953125e-03
  0.25000000  0.87500000  0.87500000  1.953125e-03
  0.37500000  0.00000000  0.00000000  1.953125e-03
  0.37500000  0.00000000  0.12500000  1.953125e-03
  0.37500000  0.00000000  0.25000000  1.953125e-03
  0.37500000  0.00000000  0.37500000  1.953125e-03
  0.37500000  0.00000000  0.50000000  1.953125e-03
  0.37500000  0.00000000  0.62500000  1.953125e-03
  0.37500000  0.00000000  0.75000000  1.953125e-03
  0.37500000  0.00000000  0.87500000  1.953125e-03
  0.37500000  0.12500000  0.00000000  1.953125e-03
  0.37500000  0.12500000  0.12500000  1.953125e-03
  0.37500000  0.12500000  0.25000000  1.953125e-03
  0.37500000  0.12500000  0.37500000  1.953125e-03
  0.37500000  0.12500000  0.50000000  1.953125e-03
  0.37500000  0.12500000  0.62500000  1.953125e-03
  0.37500000  0.12500000  0.75000000  1.953125e-03
  0.37500000  0.12500000  0.87500000  1.953125e-03
  0.37500000  0.25000000  0.00000000  1.953125e-03
  0.37500000  0.25000000  0.12500000  1.953125e-03
  0.37500000  0.25000000  0.25000000  1.953125e-03
  0.37500000  0.25000000  0.37500000  1.953125e-03
  0.37500000  0.25000000  0.50000000  1.953125e-03
  0.37500000  0.25000000  0.62500000  1.953125e-03
  0.37500000  0.25000000  0.75000000  1.953125e-03
  0.37500000  0.25000000  0.87500000  1.953125e-03
  0.37500000  0.37500000  0.00000000  1.953125e-03
  0.37500000  0.37500000  0.12500000  1.953125e-03
  0.37500000  0.37500000  0.25000000  1.953125e-03
  0.37500000  0.37500000  0.37500000  1.953125e-03
  0.37500000  0.37500000  0.50000000  1.953125e-03
  0.37500000  0.37500000  0.62500000  1.953125e-03
  0.37500000  0.37500000  0.75000000  1.953125e-03
  0.37500000  0.37500000  0.87500000  1.953125e-03
  0.37500000  0.50000000  0.00000000  1.953125e-03
  0.37500000  0.50000000  0.12500000  1.953125e-03
  0.37500000  0.50000000  0.25000000  1.953125e-03
  0.37500000  0.50000000  0.37500000  1.953125e-03
  0.37500000  0.50000000  0.50000000  1.953125e-03
  0.37500000  0.50000000  0.62500000  1.953125e-03
  0.37500000  0.50000000  0.75000000  1.953125e-03
  0.37500000  0.50000000  0.87500000  1.953125e-03
  0.37500000  0.62500000  0.00000000  1.953125e-03
  0.37500000  0.62500000  0.12500000  1.953125e-03
  0.37500000  0.62500000  0.25000000  1.953125e-03
  0.37500000  0.62500000  0.37500000  1.953125e-03
  0.37500000  0.62500000  0.50000000  1.953125e-03
  0.37500000  0.62500000  0.62500000  1.953125e-03
  0.37500000  0.62500000  0.75000000  1.953125e-03
  0.37500000  0.62500000  0.87500000  1.953125e-03
  0.37500000  0.75000000  0.00000000  1.953125e-03
  0.37500000  0.75000000  0.12500000  1.953125e-03
  0.37500000  0.75000000  0.25000000  1.953125e-03
  0.37500000  0.75000000  0.37500000  1.953125e-03
  0.37500000  0.75000000  0.50000000  1.953125e-03
  0.37500000  0.75000000  0.62500000  1.953125e-03
  0.37500000  0.75000000  0.75000000  1.953125e-03
  0.37500000  0.75000000  0.87500000  1.953125e-03
  0.37500000  0.87500000  0.00000000  1.953125e-03
  0.37500000  0.87500000  0.12500000  1.953125e-03
  0.37500000  0.87500000  0.25000000  1.953125e-03
  0.37500000  0.87500000  0.37500000  1.953125e-03
  0.37500000  0.87500000  0.50000000  1.953125e-03
  0.37500000  0.87500000  0.62500000  1.953125e-03
  0.37500000  0.87500000  0.75000000  1.953125e-03
  0.37500000  0.87500000  0.87500000  1.953125e-03
  0.50000000  0.00000000  0.00000000  1.953125e-03
  0.50000000  0.00000000  0.12500000  1.953125e-03
  0.50000000  0.00000000  0.25000000  1.953125e-03
  0.50000000  0.00000000  0.37500000  1.953125e-03
  0.50000000  0.00000000  0.50000000  1.953125e-03
  0.50000000  0.00000000  0.62500000  1.953125e-03
  0.50000000  0.00000000  0.75000000  1.953125e-03
  0.50000000  0.00000000  0.87500000  1.953125e-03
  0.50000000  0.12500000  0.00000000  1.953125e-03
  0.50000000  0.12500000  0.12500000  1.953125e-03
  0.50000000  0.12500000  0.25000000  1.953125e-03
  0.50000000  0.12500000  0.37500000  1.953125e-03
  0.50000000  0.12500000  0.50000000  1.953125e-03
  0.50000000  0.12500000  0.62500000  1.953125e-03
  0.50000000  0.12500000  0.75000000  1.953125e-03
  0.50000000  0.12500000  0.87500000  1.953125e-03
  0.50000000  0.25000000  0.00000000  1.953125e-03
  0.50000000  0.25000000  0.12500000  1.953125e-03
  0.50000000  0.25000000  0.25000000  1.953125e-03
  0.50000000  0.25000000  0.37500000  1.953125e-03
  0.50000000  0.25000000  0.50000000  1.953125e-03
  0.50000000  0.25000000  0.62500000  1.953125e-03
  0.50000000  0.25000000  0.75000000  1.953125e-03
  0.50000000  0.25000000  0.87500000  1.953125e-03
  0.50000000  0.37500000  0.00000000  1.953125e-03
  0.50000000  0.37500000  0.12500000  1.953125e-03
  0.50000000  0.37500000  0.25000000  1.953125e-03
  0.50000000  0.37500000  0.37500000  1.953125e-03
  0.50000000  0.37500000  0.50000000  1.953125e-03
  0.50000000  0.37500000  0.62500000  1.953125e-03
  0.50000000  0.37500000  0.75000000  1.953125e-03
  0.50000000  0.37500000  0.87500000  1.953125e-03
  0.50000000  0.50000000  0.00000000  1.953125e-03
  0.50000000  0.50000000  0.12500000  1.953125e-03
  0.50000000  0.50000000  0.25000000  1.953125e-03
  0.50000000  0.50000000  0.37500000  1.953125e-03
  0.50000000  0.50000000  0.50000000  1.953125e-03
  0.50000000  0.50000000  0.62500000  1.953125e-03
  0.50000000  0.50000000  0.75000000  1.953125e-03
  0.50000000  0.50000000  0.87500000  1.953125e-03
  0.50000000  0.62500000  0.00000000  1.953125e-03
  0.50000000  0.62500000  0.12500000  1.953125e-03
  0.50000000  0.62500000  0.25000000  1.953125e-03
  0.50000000  0.62500000  0.37500000  1.953125e-03
  0.50000000  0.62500000  0.50000000  1.953125e-03
  0.50000000  0.62500000  0.62500000  1.953125e-03
  0.50000000  0.62500000  0.75000000  1.953125e-03
  0.50000000  0.62500000  0.87500000  1.953125e-03
  0.50000000  0.75000000  0.00000000  1.953125e-03
  0.50000000  0.75000000  0.12500000  1.953125e-03
  0.50000000  0.75000000  0.25000000  1.953125e-03
  0.50000000  0.75000000  0.37500000  1.953125e-03
  0.50000000  0.75000000  0.50000000  1.953125e-03
  0.50000000  0.75000000  0.62500000  1.953125e-03
  0.50000000  0.75000000  0.75000000  1.953125e-03
  0.50000000  0.75000000  0.87500000  1.953125e-03
  0.50000000  0.87500000  0.00000000  1.953125e-03
  0.50000000  0.87500000  0.12500000  1.953125e-03
  0.50000000  0.87500000  0.25000000  1.953125e-03
  0.50000000  0.87500000  0.37500000  1.953125e-03
  0.50000000  0.87500000  0.50000000  1.953125e-03
  0.50000000  0.87500000  0.62500000  1.953125e-03
  0.50000000  0.87500000  0.75000000  1.953125e-03
  0.50000000  0.87500000  0.87500000  1.953125e-03
  0.62500000  0.00000000  0.00000000  1.953125e-03
  0.62500000  0.00000000  0.12500000  1.953125e-03
  0.62500000  0.00000000  0.25000000  1.953125e-03
  0.62500000  0.00000000  0.37500000  1.953125e-03
  0.62500000  0.00000000  0.50000000  1.953125e-03
  0.62500000  0.00000000  0.62500000  1.953125e-03
  0.62500000  0.00000000  0.75000000  1.953125e-03
  0.62500000  0.00000000  0.87500000  1.953125e-03
  0.62500000  0.12500000  0.00000000  1.953125e-03
  0.62500000  0.12500000  0.12500000  1.953125e-03
  0.62500000  0.12500000  0.25000000  1.953125e-03
  0.62500000  0.12500000  0.37500000  1.953125e-03
  0.62500000  0.12500000  0.50000000  1.953125e-03
  0.62500000  0.12500000  0.62500000  1.953125e-03
  0.62500000  0.12500000  0.75000000  1.953125e-03
  0.62500000  0.12500000  0.87500000  1.953125e-03
  0.62500000  0.25000000  0.00000000  1.953125e-03
  0.62500000  0.25000000  0.12500000  1.953125e-03
  0.62500000  0.25000000  0.25000000  1.953125e-03
  0.62500000  0.25000000  0.37500000  1.953125e-03
  0.62500000  0.25000000  0.50000000  1.953125e-03
  0.62500000  0.25000000  0.62500000  1.953125e-03
  0.62500000  0.25000000  0.75000000  1.953125e-03
  0.62500000  0.25000000  0.87500000  1.953125e-03
  0.62500000  0.37500000  0.00000000  1.953125e-03
  0.62500000  0.37500000  0.12500000  1.953125e-03
  0.62500000  0.37500000  0.25000000  1.953125e-03
  0.62500000  0.37500000  0.37500000  1.953125e-03
  0.62500000  0.37500000  0.50000000  1.953125e-03
  0.62500000  0.37500000  0.62500000  1.953125e-03
  0.62500000  0.37500000  0.75000000  1.953125e-03
  0.62500000  0.37500000  0.87500000  1.953125e-03
  0.62500000  0.50000000  0.00000000  1.953125e-03
  0.62500000  0.50000000  0.12500000  1.953125e-03
  0.62500000  0.50000000  0.25000000  1.953125e-03
  0.62500000  0.50000000  0.37500000  1.953125e-03
  0.62500000  0.50000000  0.50000000  1.953125e-03
  0.62500000  0.50000000  0.62500000  1.953125e-03
  0.62500000  0.50000000  0.75000000  1.953125e-03
  0.62500000  0.50000000  0.87500000  1.953125e-03
  0.62500000  0.62500000  0.00000000  1.953125e-03
  0.62500000  0.62500000  0.12500000  1.953125e-03
  0.62500000  0.62500000  0.25000000  1.953125e-03
  0.62500000  0.62500000  0.37500000  1.953125e-03
  0.62500000  0.62500000  0.50000000  1.953125e-03
  0.62500000  0.62500000  0.62500000  1.953125e-03
  0.62500000  0.62500000  0.75000000  1.953125e-03
  0.62500000  0.62500000  0.87500000  1.953125e-03
  0.62500000  0.75000000  0.00000000  1.953125e-03
  0.62500000  0.75000000  0.12500000  1.953125e-03
  0.62500000  0.75000000  0.25000000  1.953125e-03
  0.62500000  0.75000000  0.37500000  1.953125e-03
  0.62500000  0.75000000  0.50000000  1.953125e-03
  0.62500000  0.75000000  0.62500000  1.953125e-03
  0.62500000  0.75000000  0.75000000  1.953125e-03
  0.62500000  0.75000000  0.87500000  1.953125e-03
  0.62500000  0.87500000  0.00000000  1.953125e-03
  0.62500000  0.87500000  0.12500000  1.953125e-03
  0.62500000  0.87500000  0.25000000  1.953125e-03
  0.62500000  0.87500000  0.37500000  1.953125e-03
  0.62500000  0.87500000  0.50000000  1.953125e-03
  0.62500000  0.87500000  0.62500000  1.953125e-03
  0.62500000  0.87500000  0.75000000  1.953125e-03
  0.62500000  0.87500000  0.87500000  1.953125e-03
  0.75000000  0.00000000  0.00000000  1.953125e-03
  0.75000000  0.00000000  0.12500000  1.953125e-03
  0.75000000  0.00000000  0.25000000  1.953125e-03
  0.75000000  0.00000000  0.37500000  1.953125e-03
  0.75000000  0.00000000  0.50000000  1.953125e-03
  0.75000000  0.00000000  0.62500000  1.953125e-03
  0.75000000  0.00000000  0.75000000  1.953125e-03
  0.75000000  0.00000000  0.87500000  1.953125e-03
  0.75000000  0.12500000  0.00000000  1.953125e-03
  0.75000000  0.12500000  0.12500000  1.953125e-03
  0.75000000  0.12500000  0.25000000  1.953125e-03
  0.75000000  0.12500000  0.37500000  1.953125e-03
  0.75000000  0.12500000  0.50000000  1.953125e-03
  0.75000000  0.12500000  0.62500000  1.953125e-03
  0.75000000  0.12500000  0.75000000  1.953125e-03
  0.75000000  0.12500000  0.87500000  1.953125e-03
  0.75000000  0.25000000  0.00000000  1.953125e-03
  0.75000000  0.25000000  0.12500000  1.953125e-03
  0.75000000  0.25000000  0.25000000  1.953125e-03
  0.75000000  0.25000000  0.37500000  1.953125e-03
  0.75000000  0.25000000  0.50000000  1.953125e-03
  0.75000000  0.25000000  0.62500000  1.953125e-03
  0.75000000  0.25000000  0.75000000  1.953125e-03
  0.75000000  0.25000000  0.87500000  1.953125e-03
  0.75000000  0.37500000  0.00000000  1.953125e-03
  0.75000000  0.37500000  0.12500000  1.953125e-03
  0.75000000  0.37500000  0.25000000  1.953125e-03
  0.75000000  0.37500000  0.37500000  1.953125e-03
  0.75000000  0.37500000  0.50000000  1.953125e-03
  0.75000000  0.37500000  0.62500000  1.953125e-03
  0.75000000  0.37500000  0.75000000  1.953125e-03
  0.75000000  0.37500000  0.87500000  1.953125e-03
  0.75000000  0.50000000  0.00000000  1.953125e-03
  0.75000000  0.50000000  0.12500000  1.953125e-03
  0.75000000  0.50000000  0.25000000  1.953125e-03
  0.75000000  0.50000000  0.37500000  1.953125e-03
  0.75000000  0.50000000  0.50000000  1.953125e-03
  0.75000000  0.50000000  0.62500000  1.953125e-03
  0.75000000  0.50000000  0.75000000  1.953125e-03
  0.75000000  0.50000000  0.87500000  1.953125e-03
  0.75000000  0.62500000  0.00000000  1.953125e-03
  0.75000000  0.62500000  0.12500000  1.953125e-03
  0.75000000  0.62500000  0.25000000  1.953125e-03
  0.75000000  0.62500000  0.37500000  1.953125e-03
  0.75000000  0.62500000  0.50000000  1.953125e-03
  0.75000000  0.62500000  0.62500000  1.953125e-03
  0.75000000  0.62500000  0.75000000  1.953125e-03
  0.75000000  0.62500000  0.87500000  1.953125e-03
  0.75000000  0.75000000  0.00000000  1.953125e-03
  0.75000000  0.75000000  0.12500000  1.953125e-03
  0.75000000  0.75000000  0.25000000  1.953125e-03
  0.75000000  0.75000000  0.37500000  1.953125e-03
  0.75000000  0.75000000  0.50000000  1.953125e-03
  0.75000000  0.75000000  0.62500000  1.953125e-03
  0.75000000  0.75000000  0.75000000  1.953125e-03
  0.75000000  0.75000000  0.87500000  1.953125e-03
  0.75000000  0.87500000  0.00000000  1.953125e-03
  0.75000000  0.87500000  0.12500000  1.953125e-03
  0.75000000  0.87500000  0.25000000  1.953125e-03
  0.75000000  0.87500000  0.37500000  1.953125e-03
  0.75000000  0.87500000  0.50000000  1.953125e-03
  0.75000000  0.87500000  0.62500000  1.953125e-03
  0.75000000  0.87500000  0.75000000  1.953125e-03
  0.75000000  0.87500000  0.87500000  1.953125e-03
  0.87500000  0.00000000  0.00000000  1.953125e-03
  0.87500000  0.00000000  0.12500000  1.953125e-03
  0.87500000  0.00000000  0.25000000  1.953125e-03
  0.87500000  0.00000000  0.37500000  1.953125e-03
  0.87500000  0.00000000  0.50000000  1.953125e-03
  0.87500000  0.00000000  0.62500000  1.953125e-03
  0.87500000  0.00000000  0.75000000  1.953125e-03
  0.87500000  0.00000000  0.87500000  1.953125e-03
  0.87500000  0.12500000  0.00000000  1.953125e-03
  0.87500000  0.12500000  0.12500000  1.953125e-03
  0.87500000  0.12500000  0.25000000  1.953125e-03
  0.87500000  0.12500000  0.37500000  1.953125e-03
  0.87500000  0.12500000  0.50000000  1.953125e-03
  0.87500000  0.12500000  0.62500000  1.953125e-03
  0.87500000  0.12500000  0.75000000  1.953125e-03
  0.87500000  0.12500000  0.87500000  1.953125e-03
  0.87500000  0.25000000  0.00000000  1.953125e-03
  0.87500000  0.25000000  0.12500000  1.953125e-03
  0.87500000  0.25000000  0.25000000  1.953125e-03
  0.87500000  0.25000000  0.37500000  1.953125e-03
  0.87500000  0.25000000  0.50000000  1.953125e-03
  0.87500000  0.25000000  0.62500000  1.953125e-03
  0.87500000  0.25000000  0.75000000  1.953125e-03
  0.87500000  0.25000000  0.87500000  1.953125e-03
  0.87500000  0.37500000  0.00000000  1.953125e-03
  0.87500000  0.37500000  0.12500000  1.953125e-03
  0.87500000  0.37500000  0.25000000  1.953125e-03
  0.87500000  0.37500000  0.37500000  1.953125e-03
  0.87500000  0.37500000  0.50000000  1.953125e-03
  0.87500000  0.37500000  0.62500000  1.953125e-03
  0.87500000  0.37500000  0.75000000  1.953125e-03
  0.87500000  0.37500000  0.87500000  1.953125e-03
  0.87500000  0.50000000  0.00000000  1.953125e-03
  0.87500000  0.50000000  0.12500000  1.953125e-03
  0.87500000  0.50000000  0.25000000  1.953125e-03
  0.87500000  0.50000000  0.37500000  1.953125e-03
  0.87500000  0.50000000  0.50000000  1.953125e-03
  0.87500000  0.50000000  0.62500000  1.953125e-03
  0.87500000  0.50000000  0.75000000  1.953125e-03
  0.87500000  0.50000000  0.87500000  1.953125e-03
  0.87500000  0.62500000  0.00000000  1.953125e-03
  0.87500000  0.62500000  0.12500000  1.953125e-03
  0.87500000  0.62500000  0.25000000  1.953125e-03
  0.87500000  0.62500000  0.37500000  1.953125e-03
  0.87500000  0.62500000  0.50000000  1.953125e-03
  0.87500000  0.62500000  0.62500000  1.953125e-03
  0.87500000  0.62500000  0.75000000  1.953125e-03
  0.87500000  0.62500000  0.87500000  1.953125e-03
  0.87500000  0.75000000  0.00000000  1.953125e-03
  0.87500000  0.75000000  0.12500000  1.953125e-03
  0.87500000  0.75000000  0.25000000  1.953125e-03
  0.87500000  0.75000000  0.37500000  1.953125e-03
  0.87500000  0.75000000  0.50000000  1.953125e-03
  0.87500000  0.75000000  0.62500000  1.953125e-03
  0.87500000  0.75000000  0.75000000  1.953125e-03
  0.87500000  0.75000000  0.87500000  1.953125e-03
  0.87500000  0.87500000  0.00000000  1.953125e-03
  0.87500000  0.87500000  0.12500000  1.953125e-03
  0.87500000  0.87500000  0.25000000  1.953125e-03
  0.87500000  0.87500000  0.37500000  1.953125e-03
  0.87500000  0.87500000  0.50000000  1.953125e-03
  0.87500000  0.87500000  0.62500000  1.953125e-03
  0.87500000  0.87500000  0.75000000  1.953125e-03
  0.87500000  0.87500000  0.87500000  1.953125e-03
